a_th01 = 2.35
 a_th12 = 8.35983080583
 a_th23 = 14.1113944002